# name: debug
# type: sparse matrix
# nnz: 58248
# rows: 3240
# columns: 3240

1 1 182.584226
2 1 -0.902616211
3 1 -2.50642358
4 1 -0.915159932
5 1 0.452353764
6 1 1.52891419
7 1 0.00671091827
8 1 0.241462741
9 1 0.960073135
10 1 -0.681684902
11 1 0.0243336773
12 1 -0.704285364
1 2 -0.902616211
2 2 185.244343
3 2 -0.287555679
4 2 -0.0563038008
5 2 0.020552626
6 2 0.189734328
7 2 0.000340552704
8 2 0.0122532843
9 2 0.0487199351
10 2 -0.000353645143
11 2 1.26238483e-05
12 2 -0.000365369832
1 3 -2.50642358
2 3 -0.287555679
3 3 190.215155
4 3 -0.158724241
5 3 4.34285863
6 3 1.01074543
7 3 0.0677933015
8 3 2.4392424
9 3 9.69860232
10 3 -0.000680246248
11 3 2.42823226e-05
12 3 -0.000702799013
1 4 -0.915159932
2 4 -0.0563038008
3 4 -0.158724241
4 4 174.878144
5 4 -2.31576211
6 4 -6.97535578
7 4 -0.312951828
8 4 -7.20363205
9 4 1.28385471
10 4 4.80624763
11 4 -1.34235366
12 4 -4.65164112
1 5 0.452353764
2 5 0.020552626
3 5 4.34285863
4 5 -2.31576211
5 5 187.9995
6 5 0.167132174
7 5 -7.29761944
8 5 0.903592131
9 5 2.45001215
10 5 -0.489811613
11 5 0.064634007
12 5 -0.118749319
1 6 1.52891419
2 6 0.189734328
3 6 1.01074543
4 6 -6.97535578
5 6 0.167132174
6 6 191.452088
7 6 -1.8473436
8 6 -6.35410813
9 6 1.65028014
10 6 -4.98795528
11 6 1.38499548
12 6 4.76090234
1 7 0.00671091827
2 7 0.000340552704
3 7 0.0677933015
4 7 -0.312951828
5 7 -7.29761944
6 7 -1.8473436
7 7 186.317077
8 7 -2.31425976
9 7 -9.21588773
10 7 0.741343504
11 7 -0.181981666
12 7 0.396319435
13 7 0.291720427
14 7 -0.239062796
15 7 -0.962300436
16 7 0.744128374
17 7 0.0804119149
18 7 -0.593637202
1 8 0.241462741
2 8 0.0122532843
3 8 2.4392424
4 8 -7.20363205
5 8 0.903592131
6 8 -6.35410813
7 8 -2.31425976
8 8 186.14528
9 8 3.16953223
10 8 -0.164312388
11 8 -0.0103142202
12 8 -0.181879502
13 8 0.0179242487
14 8 -0.0146887931
15 8 -0.0591268581
16 8 0.00194434723
17 8 0.000210109827
18 8 -0.00155112597
1 9 0.960073135
2 9 0.0487199351
3 9 9.69860232
4 9 1.28385471
5 9 2.45001215
6 9 1.65028014
7 9 -9.21588773
8 9 3.16953223
9 9 185.581367
10 9 -0.663008461
11 9 -2.56982162
12 9 -2.51805924
13 9 2.82142462
14 9 -2.31213722
15 9 -9.30705526
16 9 -0.00251086946
17 9 -0.000271329287
18 9 0.00200307577
1 10 -0.681684902
2 10 -0.000353645143
3 10 -0.000680246248
4 10 4.80624763
5 10 -0.489811613
6 10 -4.98795528
7 10 0.741343504
8 10 -0.164312388
9 10 -0.663008461
10 10 196.624194
11 10 -2.75799808
12 10 -13.164811
13 10 5.76041258
14 10 -3.6602995
15 10 0.681569851
16 10 -4.42799691
17 10 -2.20497876
18 10 -5.55061518
1 11 0.0243336773
2 11 1.26238483e-05
3 11 2.42823226e-05
4 11 -1.34235366
5 11 0.064634007
6 11 1.38499548
7 11 -0.181981666
8 11 -0.0103142202
9 11 -2.56982162
10 11 -2.75799808
11 11 186.668947
12 11 -0.088810051
13 11 4.73418081
14 11 4.64273747
15 11 -4.18808336
16 11 -0.7033889
17 11 -0.274995631
18 11 -0.485738885
1 12 -0.704285364
2 12 -0.000365369832
3 12 -0.000702799013
4 12 -4.65164112
5 12 -0.118749319
6 12 4.76090234
7 12 0.396319435
8 12 -0.181879502
9 12 -2.51805924
10 12 -13.164811
11 12 -0.088810051
12 12 179.378473
13 12 -4.2749573
14 12 5.64098007
15 12 -2.46482953
16 12 -3.64267634
17 12 -1.76070089
18 12 -4.28621578
7 13 0.291720427
8 13 0.0179242487
9 13 2.82142462
10 13 5.76041258
11 13 4.73418081
12 13 -4.2749573
13 13 188.821061
14 13 -1.99769413
15 13 -8.04943865
16 13 -0.462447242
17 13 0.615383158
18 13 0.736044648
19 13 0.176726819
20 13 0.510010559
21 13 0.881994169
22 13 -0.674897942
23 13 -0.021678357
24 13 -0.643483423
7 14 -0.239062796
8 14 -0.0146887931
9 14 -2.31213722
10 14 -3.6602995
11 14 4.64273747
12 14 5.64098007
13 14 -1.99769413
14 14 184.163028
15 14 -4.76974315
16 14 -0.17285187
17 14 -0.000407212107
18 14 0.145676169
19 14 0.00524950267
20 14 0.0151493803
21 14 0.0261988009
22 14 -0.00074384506
23 14 -2.38930034e-05
24 14 -0.000709221255
7 15 -0.962300436
8 15 -0.0591268581
9 15 -9.30705526
10 15 0.681569851
11 15 -4.18808336
12 15 -2.46482953
13 15 -8.04943865
14 15 -4.76974315
15 15 185.059635
16 15 -0.688567718
17 15 5.85324366
18 15 3.0423114
19 15 1.70847626
20 15 4.93043973
21 15 8.52652758
22 15 0.0023006036
23 15 7.38975529e-05
24 15 0.00219351726
7 16 0.744128374
8 16 0.00194434723
9 16 -0.00251086946
10 16 -4.42799691
11 16 -0.7033889
12 16 -3.64267634
13 16 -0.462447242
14 16 -0.17285187
15 16 -0.688567718
16 16 173.666729
17 16 -7.31716871
18 16 -12.7666652
19 16 -0.041780139
20 16 -7.66659459
21 16 1.49458346
22 16 4.32849529
23 16 -2.4250289
24 16 -4.54007515
7 17 0.0804119149
8 17 0.000210109827
9 17 -0.000271329287
10 17 -2.20497876
11 17 -0.274995631
12 17 -1.76070089
13 17 0.615383158
14 17 -0.000407212107
15 17 5.85324366
16 17 -7.31716871
17 17 189.384981
18 17 -0.569837895
19 17 -6.60911819
20 17 2.16026718
21 17 4.57888949
22 17 -0.268203238
23 17 -0.086818294
24 17 -0.520063413
7 18 -0.593637202
8 18 -0.00155112597
9 18 0.00200307577
10 18 -5.55061518
11 18 -0.485738885
12 18 -4.28621578
13 18 0.736044648
14 18 0.145676169
15 18 3.0423114
16 18 -12.7666652
17 18 -0.569837895
18 18 192.155888
19 18 -3.06285688
20 18 -4.74555111
21 18 3.64881156
22 18 -4.32416846
23 18 2.3228744
24 18 4.19842647
13 19 0.176726819
14 19 0.00524950267
15 19 1.70847626
16 19 -0.041780139
17 19 -6.60911819
18 19 -3.06285688
19 19 184.916516
20 19 -4.27524879
21 19 -7.40145553
22 19 0.106167468
23 19 -0.376192946
24 19 0.641500783
25 19 -0.767850733
26 19 -0.559297608
27 19 -0.448721742
28 19 0.217157052
29 19 0.0396318796
30 19 -0.92942979
13 20 0.510010559
14 20 0.0151493803
15 20 4.93043973
16 20 -7.66659459
17 20 2.16026718
18 20 -4.74555111
19 20 -4.27524879
20 20 187.853616
21 20 4.33312971
22 20 -0.332552687
23 20 -0.0185558059
24 20 -0.319396433
25 20 -0.0146923344
26 20 -0.0107018033
27 20 -0.00858600458
28 20 0.000319319437
29 20 5.82768525e-05
30 20 -0.00136668367
13 21 0.881994169
14 21 0.0261988009
15 21 8.52652758
16 21 1.49458346
17 21 4.57888949
18 21 3.64881156
19 21 -7.40145553
20 21 4.33312971
21 21 185.273592
22 21 -0.579504887
23 21 -3.95887963
24 21 -2.23520652
25 21 -7.3048822
26 21 -5.3208299
27 21 -4.26887588
28 21 -0.00109972141
29 21 -0.000200702791
30 21 0.00470679549
13 22 -0.674897942
14 22 -0.00074384506
15 22 0.0023006036
16 22 4.32849529
17 22 -0.268203238
18 22 -4.32416846
19 22 0.106167468
20 22 -0.332552687
21 22 -0.579504887
22 22 195.890553
23 22 -2.88216983
24 22 -8.09312061
25 22 5.15064407
26 22 -7.93777331
27 22 -2.86549052
28 22 -2.0615877
29 22 -0.655763181
30 22 -0.481413638
13 23 -0.021678357
14 23 -2.38930034e-05
15 23 7.38975529e-05
16 23 -2.4250289
17 23 -0.086818294
18 23 2.3228744
19 23 -0.376192946
20 23 -0.0185558059
21 23 -3.95887963
22 23 -2.88216983
23 23 186.867695
24 23 -0.172655525
25 23 -0.00530634705
26 23 2.93884372
27 23 -9.64626318
28 23 -0.473032736
29 23 -0.138859615
30 23 0.275888163
13 24 -0.643483423
14 24 -0.000709221255
15 24 0.00219351726
16 24 -4.54007515
17 24 -0.520063413
18 24 4.19842647
19 24 0.641500783
20 24 -0.319396433
21 24 -2.23520652
22 24 -8.09312061
23 24 -0.172655525
24 24 179.483248
25 24 -1.28410514
26 24 1.82975213
27 24 0.343497118
28 24 -8.66414462
29 24 -2.75102698
30 24 -1.85942081
19 25 -0.767850733
20 25 -0.0146923344
21 25 -7.3048822
22 25 5.15064407
23 25 -0.00530634705
24 25 -1.28410514
25 25 184.254825
26 25 -1.62849269
27 25 -1.32940219
28 25 0.42912379
29 25 -0.0192632229
30 25 1.49351168
31 25 -0.381668792
32 25 0.264565002
33 25 -1.05421047
34 25 0.575438289
35 25 0.121164009
36 25 -0.806723504
19 26 -0.559297608
20 26 -0.0107018033
21 26 -5.3208299
22 26 -7.93777331
23 26 2.93884372
24 26 1.82975213
25 26 -1.62849269
26 26 184.555515
27 26 -0.635665185
28 26 -0.112208469
29 26 -0.0200445739
30 26 0.499375444
31 26 0.00112751995
32 26 -0.000781573776
33 26 0.00311433201
34 26 0.00333500593
35 26 0.000702217242
36 26 -0.00467544083
19 27 -0.448721742
20 27 -0.00858600458
21 27 -4.26887588
22 27 -2.86549052
23 27 -9.64626318
24 27 0.343497118
25 27 -1.32940219
26 27 -0.635665185
27 27 189.233383
28 27 -0.0938117039
29 27 -1.00724936
30 27 0.525308064
31 27 -3.30777312
32 27 2.29288069
33 27 -9.13642699
34 27 -0.00875026554
35 27 -0.0018424517
36 27 0.0122672492
19 28 0.217157052
20 28 0.000319319437
21 28 -0.00109972141
22 28 -2.0615877
23 28 -0.473032736
24 28 -8.66414462
25 28 0.42912379
26 28 -0.112208469
27 28 -0.0938117039
28 28 188.773146
29 28 -0.45853575
30 28 -6.4656269
31 28 -0.141822165
32 28 -7.81081472
33 28 -1.73484685
34 28 -4.73571803
35 28 0.328155769
36 28 -3.3789608
19 29 0.0396318796
20 29 5.82768525e-05
21 29 -0.000200702791
22 29 -0.655763181
23 29 -0.138859615
24 29 -2.75102698
25 29 -0.0192632229
26 29 -0.0200445739
27 29 -1.00724936
28 29 -0.45853575
29 29 187.54887
30 29 -1.03960568
31 29 6.61206386
32 29 1.17498597
33 29 -5.45683416
34 29 -1.05560017
35 29 0.0571738922
36 29 -0.632438107
19 30 -0.92942979
20 30 -0.00136668367
21 30 0.00470679549
22 30 -0.481413638
23 30 0.275888163
24 30 -1.85942081
25 30 1.49351168
26 30 0.499375444
27 30 0.525308064
28 30 -6.4656269
29 30 -1.03960568
30 30 184.560146
31 30 -1.4221422
32 30 5.51493923
33 30 1.87768353
34 30 -6.43128395
35 30 0.447741514
36 30 -4.60458198
25 31 -0.381668792
26 31 0.00112751995
27 31 -3.30777312
28 31 -0.141822165
29 31 6.61206386
30 31 -1.4221422
31 31 183.370046
32 31 2.08931556
33 31 -8.32305529
34 31 -1.08603873
35 31 0.660340332
36 31 0.863345157
37 31 0.634517541
38 31 0.20607308
39 31 0.790199303
40 31 -0.896411089
41 31 -0.0838538647
42 31 -0.431494677
25 32 0.264565002
26 32 -0.000781573776
27 32 2.29288069
28 32 -7.81081472
29 32 1.17498597
30 32 5.51493923
31 32 2.08931556
32 32 185.702019
33 32 -1.41100885
34 32 0.130920565
35 32 0.032412084
36 32 -0.183726116
37 32 0.00379721753
38 32 0.00123322723
39 32 0.00472888211
40 32 -0.00125330992
41 32 -0.000117239603
42 32 -0.000603290795
25 33 -1.05421047
26 33 0.00311433201
27 33 -9.13642699
28 33 -1.73484685
29 33 -5.45683416
30 33 1.87768353
31 33 -8.32305529
32 33 -1.41100885
33 33 188.97166
34 33 -0.528899645
35 33 7.48120189
36 33 2.29731675
37 33 6.13343131
38 33 1.99196239
39 33 7.63829656
40 33 0.00306365862
41 33 0.000286586833
42 33 0.00147471668
25 34 0.575438289
26 34 0.00333500593
27 34 -0.00875026554
28 34 -4.73571803
29 34 -1.05560017
30 34 -6.43128395
31 34 -1.08603873
32 34 0.130920565
33 34 -0.528899645
34 34 173.606136
35 34 -1.46157151
36 34 -12.1023174
37 34 -0.0742923506
38 34 -4.58466889
39 34 -0.795357011
40 34 3.8615975
41 34 -0.507282766
42 34 -8.02108601
25 35 0.121164009
26 35 0.000702217242
27 35 -0.0018424517
28 35 0.328155769
29 35 0.0571738922
30 35 0.447741514
31 35 0.660340332
32 35 0.032412084
33 35 7.48120189
34 35 -1.46157151
35 35 187.379109
36 35 -0.88120125
37 35 -2.08105
38 35 -0.0366643465
39 35 4.32388684
40 35 -0.314433975
41 35 -0.111818291
42 35 -1.08876527
25 36 -0.806723504
26 36 -0.00467544083
27 36 0.0122672492
28 36 -3.3789608
29 36 -0.632438107
30 36 -4.60458198
31 36 0.863345157
32 36 -0.183726116
33 36 2.29731675
34 36 -12.1023174
35 36 -0.88120125
36 36 192.867391
37 36 0.349620305
38 36 -8.70911647
39 36 2.20098391
40 36 -2.01521119
41 36 0.233310587
42 36 3.82845954
31 37 0.634517541
32 37 0.00379721753
33 37 6.13343131
34 37 -0.0742923506
35 37 -2.08105
36 37 0.349620305
37 37 181.936968
38 37 -1.43733712
39 37 -5.51668385
40 37 0.261741712
41 37 0.507574533
42 37 0.15108898
43 37 0.384851775
44 37 0.0670551394
45 37 -0.939462454
46 37 0.811497755
47 37 0.155987373
48 37 -0.535294714
31 38 0.20607308
32 38 0.00123322723
33 38 1.99196239
34 38 -4.58466889
35 38 -0.0366643465
36 38 -8.70911647
37 38 -1.43733712
38 38 185.445965
39 38 0.375981546
40 38 -0.177929114
41 38 -0.0147145476
42 38 -0.0860692308
43 38 0.00177991743
44 38 0.00031012618
45 38 -0.00434496006
46 38 0.000697798136
47 38 0.000134131854
48 38 -0.000460294131
31 39 0.790199303
32 39 0.00472888211
33 39 7.63829656
34 39 -0.795357011
35 39 4.32388684
36 39 2.20098391
37 39 -5.51668385
38 39 0.375981546
39 39 190.660791
40 39 -0.691787083
41 39 3.88733305
42 39 -1.49001017
43 39 3.78186049
44 39 0.658937281
45 39 -9.23190737
46 39 -0.00141618792
47 39 -0.000272221867
48 39 0.000934171295
31 40 -0.896411089
32 40 -0.00125330992
33 40 0.00306365862
34 40 3.8615975
35 40 -0.314433975
36 40 -2.01521119
37 40 0.261741712
38 40 -0.177929114
39 40 -0.691787083
40 40 191.637001
41 40 -0.418817133
42 40 -18.0048415
43 40 4.20610138
44 40 -3.89233293
45 40 0.19726249
46 40 -4.34863389
47 40 -1.42091421
48 40 -6.59149831
31 41 -0.0838538647
32 41 -0.000117239603
33 41 0.000286586833
34 41 -0.507282766
35 41 -0.111818291
36 41 0.233310587
37 41 0.507574533
38 41 -0.0147145476
39 41 3.88733305
40 41 -0.418817133
41 41 190.891455
42 41 -1.5079766
43 41 6.03381248
44 41 4.39554921
45 41 -4.21312757
46 41 -0.519097195
47 41 -0.212774049
48 41 -1.48474043
31 42 -0.431494677
32 42 -0.000603290795
33 42 0.00147471668
34 42 -8.02108601
35 42 -1.08876527
36 42 3.82845954
37 42 0.15108898
38 42 -0.0860692308
39 42 -1.49001017
40 42 -18.0048415
41 42 -1.5079766
42 42 182.018231
43 42 -4.89763427
44 42 6.51767519
45 42 -1.4108263
46 42 -2.95160955
47 42 -0.951816989
48 42 -4.26986514
37 43 0.384851775
38 43 0.00177991743
39 43 3.78186049
40 43 4.20610138
41 43 6.03381248
42 43 -4.89763427
43 43 189.592994
44 43 0.563383945
45 43 -7.86961468
46 43 -0.281334152
47 43 0.639741093
48 43 0.664070853
49 43 -0.117686525
50 43 0.496717445
51 43 0.885644388
52 43 -0.589161758
53 43 -0.0212399265
54 43 -0.746396806
37 44 0.0670551394
38 44 0.00031012618
39 44 0.658937281
40 44 -3.89233293
41 44 4.39554921
42 44 6.51767519
43 44 0.563383945
44 44 185.649407
45 44 -4.22411986
46 44 0.0524234358
47 44 0.00951855737
48 44 -0.0340722129
49 44 0.00014069796
50 44 -0.000593841402
51 44 -0.00105881585
52 44 -0.00106274819
53 44 -3.83132361e-05
54 44 -0.00134637363
37 45 -0.939462454
38 45 -0.00434496006
39 45 -9.23190737
40 45 0.19726249
41 45 -4.21312757
42 45 -1.4108263
43 45 -7.86961468
44 45 -4.22411986
45 45 182.801323
46 45 -0.756054645
47 45 5.75619821
48 45 1.65500508
49 45 -1.15101913
50 45 4.85808621
51 45 8.66194017
52 45 0.0013093457
53 45 4.72033462e-05
54 45 0.0016587829
37 46 0.811497755
38 46 0.000697798136
39 46 -0.00141618792
40 46 -4.34863389
41 46 -0.519097195
42 46 -2.95160955
43 46 -0.281334152
44 46 0.0524234358
45 46 -0.756054645
46 46 172.564867
47 46 -4.39636706
48 46 -11.2782834
49 46 -0.355023755
50 46 -7.63575821
51 46 2.89146638
52 46 4.38530743
53 46 -1.81373239
54 46 -3.46052727
37 47 0.155987373
38 47 0.000134131854
39 47 -0.000272221867
40 47 -1.42091421
41 47 -0.212774049
42 47 -0.951816989
43 47 0.639741093
44 47 0.00951855737
45 47 5.75619821
46 47 -4.39636706
47 47 187.326087
48 47 -1.17096163
49 47 -8.24759614
50 47 0.981585231
51 47 0.753075846
52 47 -0.179542305
53 47 -0.0820900222
54 47 -0.573218677
37 48 -0.535294714
38 48 -0.000460294131
39 48 0.000934171295
40 48 -6.59149831
41 48 -1.48474043
42 48 -4.26986514
43 48 0.664070853
44 48 -0.0340722129
45 48 1.65500508
46 48 -11.2782834
47 48 -1.17096163
48 48 193.317838
49 48 -2.77261578
50 48 -4.61891979
51 48 2.35981072
52 48 -5.64933771
53 48 2.30599772
54 48 4.31840434
43 49 -0.117686525
44 49 0.00014069796
45 49 -1.15101913
46 49 -0.355023755
47 49 -8.24759614
48 49 -2.77261578
49 49 187.382784
50 49 -4.39290707
51 49 -7.83270082
52 49 0.303397039
53 49 -0.349742696
54 49 0.933553603
55 49 -0.737078925
56 49 -0.517047141
57 49 -0.421131065
58 49 0.235925539
59 49 -0.0302190857
60 49 -0.932663883
43 50 0.496717445
44 50 -0.000593841402
45 50 4.85808621
46 50 -7.63575821
47 50 0.981585231
48 50 -4.61891979
49 50 -4.39290707
50 50 187.197722
51 50 3.29820703
52 50 -0.286182424
53 50 -0.0110957682
54 50 -0.362484184
55 50 -0.00174252366
56 50 -0.0012223479
57 50 -0.000995593305
58 50 0.000102739674
59 50 -1.31596563e-05
60 50 -0.000406151803
43 51 0.885644388
44 51 -0.00105881585
45 51 8.66194017
46 51 2.89146638
47 51 0.753075846
48 51 2.35981072
49 51 -7.83270082
50 51 3.29820703
51 51 183.463218
52 51 -0.508374531
53 51 -3.26066984
54 51 -1.50322551
55 51 -7.41595753
56 51 -5.20215612
57 51 -4.23711761
58 51 0.000142259484
59 51 -1.82216455e-05
60 51 -0.000562382025
43 52 -0.589161758
44 52 -0.00106274819
45 52 0.0013093457
46 52 4.38530743
47 52 -0.179542305
48 52 -5.64933771
49 52 0.303397039
50 52 -0.286182424
51 52 -0.508374531
52 52 195.198822
53 52 -2.3676204
54 52 -5.35625266
55 52 5.18728253
56 52 -8.19164853
57 52 -1.04501498
58 52 -2.19522425
59 52 -0.638407257
60 52 -0.555492684
43 53 -0.0212399265
44 53 -3.83132361e-05
45 53 4.72033462e-05
46 53 -1.81373239
47 53 -0.0820900222
48 53 2.30599772
49 53 -0.349742696
50 53 -0.0110957682
51 53 -3.26066984
52 53 -2.3676204
53 53 186.299995
54 53 -0.0796065117
55 53 2.16488714
56 53 2.43913856
57 53 -9.20672933
58 53 0.202730801
59 53 0.0909962928
60 53 0.373005777
43 54 -0.746396806
44 54 -0.00134637363
45 54 0.0016587829
46 54 -3.46052727
47 54 -0.573218677
48 54 4.31840434
49 54 0.933553603
50 54 -0.362484184
51 54 -1.50322551
52 54 -5.35625266
53 54 -0.0796065117
54 54 179.000069
55 54 -0.955710333
56 54 2.06868544
57 54 -0.665448827
58 54 -8.72022343
59 54 -2.52743825
60 54 -2.12080708
49 55 -0.737078925
50 55 -0.00174252366
51 55 -7.41595753
52 55 5.18728253
53 55 2.16488714
54 55 -0.955710333
55 55 183.511103
56 55 -1.98896846
57 55 -1.61964719
58 55 0.0789092802
59 55 -0.0426484761
60 55 1.66642514
61 55 -0.86121004
62 55 0.156351952
63 55 -0.480002267
64 55 0.25404375
65 55 0.0653434389
66 55 -0.962852039
49 56 -0.517047141
50 56 -0.0012223479
51 56 -5.20215612
52 56 -8.19164853
53 56 2.43913856
54 56 2.06868544
55 56 -1.98896846
56 56 185.245997
57 56 -0.0830060867
58 56 -0.122780835
59 56 0.0159469306
60 56 0.484922477
61 56 0.00159966337
62 56 -0.000290417527
63 56 0.000891585103
64 56 -5.61188308e-05
65 56 -1.44345114e-05
66 56 0.000212696163
49 57 -0.421131065
50 57 -0.000995593305
51 57 -4.23711761
52 57 -1.04501498
53 57 -9.20672933
54 57 -0.665448827
55 57 -1.61964719
56 57 -0.0830060867
57 57 189.286624
58 57 -0.100223162
59 57 -1.29134731
60 57 0.5145347
61 57 -8.62722724
62 57 1.56626578
63 57 -4.80845373
64 57 4.40940072e-05
65 57 1.13415665e-05
66 57 -0.00016712084
49 58 0.235925539
50 58 0.000102739674
51 58 0.000142259484
52 58 -2.19522425
53 58 0.202730801
54 58 -8.72022343
55 58 0.0789092802
56 58 -0.122780835
57 58 -0.100223162
58 58 186.855759
59 58 -0.515551015
60 58 -2.00679605
61 58 -1.08368187
62 58 -9.54601347
63 58 -0.917077523
64 58 -2.44460287
65 58 0.162723727
66 58 -0.644964579
49 59 -0.0302190857
50 59 -1.31596563e-05
51 59 -1.82216455e-05
52 59 -0.638407257
53 59 0.0909962928
54 59 -2.52743825
55 59 -0.0426484761
56 59 0.0159469306
57 59 -1.29134731
58 59 -0.515551015
59 59 186.175457
60 59 -0.26449418
61 59 4.12529059
62 59 0.379964837
63 59 -8.74393573
64 59 -0.660236929
65 59 0.0332219479
66 59 -0.039889503
49 60 -0.932663883
50 60 -0.000406151803
51 60 -0.000562382025
52 60 -0.555492684
53 60 0.373005777
54 60 -2.12080708
55 60 1.66642514
56 60 0.484922477
57 60 0.5145347
58 60 -2.00679605
59 60 -0.26449418
60 60 185.327441
61 60 -0.105751692
62 60 2.43720301
63 60 0.958579147
64 60 -9.26833989
65 60 0.617932422
66 60 -2.4576827
55 61 -0.86121004
56 61 0.00159966337
57 61 -8.62722724
58 61 -1.08368187
59 61 4.12529059
60 61 -0.105751692
61 61 182.795139
62 61 0.64312015
63 61 -1.9773433
64 61 -0.697279086
65 61 0.319082441
66 61 1.73576428
67 61 -0.506213413
68 61 0.203125248
69 61 0.833020212
70 61 -0.478139907
71 61 0.0246724405
72 61 -0.868094414
55 62 0.156351952
56 62 -0.000290417527
57 62 1.56626578
58 62 -9.54601347
59 62 0.379964837
60 62 2.43720301
61 62 0.64312015
62 62 185.518512
63 62 -0.523772277
64 62 0.0403213944
65 62 0.0122736558
66 62 -0.151546506
67 62 -0.00299387911
68 62 0.00120133608
69 62 0.00492670038
70 62 0.000529501803
71 62 -2.73227596e-05
72 62 0.000961345311
55 63 -0.480002267
56 63 0.000891585103
57 63 -4.80845373
58 63 -0.917077523
59 63 -8.74393573
60 63 0.958579147
61 63 -1.9773433
62 63 -0.523772277
63 63 189.730073
64 63 -0.118631209
65 63 3.48026726
66 63 0.837298766
67 63 -5.08417095
68 63 2.04009506
69 63 8.36646572
70 63 -0.000205551101
71 63 1.0606618e-05
72 63 -0.000373191529
55 64 0.25404375
56 64 -5.61188308e-05
57 64 4.40940072e-05
58 64 -2.44460287
59 64 -0.660236929
60 64 -9.26833989
61 64 -0.697279086
62 64 0.0403213944
63 64 -0.118631209
64 64 175.74962
65 64 -0.837721187
66 64 -4.59834192
67 64 -0.918572988
68 64 -8.66657233
69 64 1.10813407
70 64 4.15352707
71 64 -0.627229862
72 64 -2.28815343
55 65 0.0653434389
56 65 -1.44345114e-05
57 65 1.13415665e-05
58 65 0.162723727
59 65 0.0332219479
60 65 0.617932422
61 65 0.319082441
62 65 0.0122736558
63 65 3.48026726
64 65 -0.837721187
65 65 187.873123
66 65 0.097085645
67 65 -8.6235596
68 65 0.661364497
69 65 -2.71072779
70 65 -0.391949295
71 65 0.0424968073
72 65 -0.181429247
55 66 -0.962852039
56 66 0.000212696163
57 66 -0.00016712084
58 66 -0.644964579
59 66 -0.039889503
60 66 -2.4576827
61 66 1.73576428
62 66 -0.151546506
63 66 0.837298766
64 66 -4.59834192
65 66 0.097085645
66 66 191.070312
67 66 -1.0113089
68 66 -4.64925448
69 66 0.562041858
70 66 -7.55183242
71 66 1.13860312
72 66 4.11718389
61 67 -0.506213413
62 67 -0.00299387911
63 67 -5.08417095
64 67 -0.918572988
65 67 -8.6235596
66 67 -1.0113089
67 67 190.789044
68 67 -1.78516209
69 67 -7.31579214
70 67 0.549450602
71 67 -0.425864829
72 67 1.3390836
73 67 -0.687869579
74 67 -0.455788427
75 67 -0.556254294
76 67 0.307277217
77 67 -0.0124757291
78 67 -0.919485464
61 68 0.203125248
62 68 0.00120133608
63 68 2.04009506
64 68 -8.66657233
65 68 0.661364497
66 68 -4.64925448
67 68 -1.78516209
68 68 185.732651
69 68 1.57778997
70 68 -0.0978909101
71 68 0.00858540698
72 68 -0.177959314
73 68 0.006085017
74 68 0.00403198573
75 68 0.00492072471
76 68 -0.000354432047
77 68 1.43902572e-05
78 68 0.00106058991
61 69 0.833020212
62 69 0.00492670038
63 69 8.36646572
64 69 1.10813407
65 69 -2.71072779
66 69 0.562041858
67 69 -7.31579214
68 69 1.57778997
69 69 181.522029
70 69 -0.404396575
71 69 -3.9969155
72 69 -0.945650616
73 69 -6.91254135
74 69 -4.58031064
75 69 -5.58991257
76 69 0.000148688556
77 69 -6.036888e-06
78 69 -0.00044493037
61 70 -0.478139907
62 70 0.000529501803
63 70 -0.000205551101
64 70 4.15352707
65 70 -0.391949295
66 70 -7.55183242
67 70 0.549450602
68 70 -0.0978909101
69 70 -0.404396575
70 70 196.066552
71 70 -1.26501047
72 70 -4.00396299
73 70 5.32434528
74 70 -7.87378701
75 70 -0.521144054
76 70 -2.82127987
77 70 -0.751352249
78 70 -0.942363457
61 71 0.0246724405
62 71 -2.73227596e-05
63 71 1.0606618e-05
64 71 -0.627229862
65 71 0.0424968073
66 71 1.13860312
67 71 -0.425864829
68 71 0.00858540698
69 71 -3.9969155
70 71 -1.26501047
71 71 186.016026
72 71 -0.01286935
73 71 3.85958225
74 71 3.13335918
75 71 -8.12446734
76 71 0.000994784933
77 71 0.0381539755
78 71 0.410976015
61 72 -0.868094414
62 72 0.000961345311
63 72 -0.000373191529
64 72 -2.28815343
65 72 -0.181429247
66 72 4.11718389
67 72 1.3390836
68 72 -0.177959314
69 72 -0.945650616
70 72 -4.00396299
71 72 -0.01286935
72 72 178.611431
73 72 -1.26846561
74 72 2.72769088
75 72 -0.628452604
76 72 -8.4625791
77 72 -2.25177587
78 72 -2.80558733
67 73 -0.687869579
68 73 0.006085017
69 73 -6.91254135
70 73 5.32434528
71 73 3.85958225
72 73 -1.26846561
73 73 182.902713
74 73 -2.30137102
75 73 -2.80893829
76 73 -0.0678672504
77 73 0.252101866
78 73 1.61859625
79 73 -0.882026623
80 73 0.467120873
81 73 -0.234116558
82 73 0.141604337
83 73 0.0972416581
84 73 -0.959540798
67 74 -0.455788427
68 74 0.00403198573
69 74 -4.58031064
70 74 -7.87378701
71 74 3.13335918
72 74 2.72769088
73 74 -2.30137102
74 74 184.973506
75 74 -0.456922514
76 74 -0.141006426
77 74 0.00260943253
78 74 0.418908731
79 74 0.0174320044
80 74 -0.00923198109
81 74 0.0046269815
82 74 -0.000259263466
83 74 -0.00017803981
84 74 0.00175682382
67 75 -0.556254294
68 75 0.00492072471
69 75 -5.58991257
70 75 -0.521144054
71 75 -8.12446734
72 75 -0.628452604
73 75 -2.80893829
74 75 -0.456922514
75 75 190.167505
76 75 -0.168891502
77 75 1.45260054
78 75 0.742371843
79 75 -8.60145911
80 75 4.55532858
81 75 -2.28308755
82 75 -0.00035703485
83 75 -0.000245180773
84 75 0.00241934331
67 76 0.307277217
68 76 -0.000354432047
69 76 0.000148688556
70 76 -2.82127987
71 76 0.000994784933
72 76 -8.4625791
73 76 -0.0678672504
74 76 -0.141006426
75 76 -0.168891502
76 76 182.563748
77 76 -0.840434265
78 76 -2.80136595
79 76 -4.34870025
80 76 -8.83528583
81 76 -0.260825352
82 76 -1.38360857
83 76 0.321709798
84 76 -0.204502875
67 77 -0.0124757291
68 77 1.43902572e-05
69 77 -6.036888e-06
70 77 -0.751352249
71 77 0.0381539755
72 77 -2.25177587
73 77 0.252101866
74 77 0.00260943253
75 77 1.45260054
76 77 -0.840434265
77 77 187.523031
78 77 -0.292784285
79 77 0.535873678
80 77 0.0803423193
81 77 -10.0134618
82 77 -0.893142851
83 77 0.2264667
84 77 -0.273601099
67 78 -0.919485464
68 78 0.00106058991
69 78 -0.00044493037
70 78 -0.942363457
71 78 0.410976015
72 78 -2.80558733
73 78 1.61859625
74 78 0.418908731
75 78 0.742371843
76 78 -2.80136595
77 78 -0.292784285
78 78 187.064021
79 78 0.253082521
80 78 1.16109796
81 78 1.24575065
82 78 -9.20224995
83 78 2.1423872
84 78 -1.38066047
73 79 -0.882026623
74 79 0.0174320044
75 79 -8.60145911
76 79 -4.34870025
77 79 0.535873678
78 79 0.253082521
79 79 184.362387
80 79 1.04201376
81 79 -0.521778042
82 79 -0.629633455
83 79 -0.117976247
84 79 1.7237895
85 79 -0.43704936
86 79 -0.195448907
87 79 0.861504366
88 79 -0.50644385
89 79 -0.051410633
90 79 -0.847980431
73 80 0.467120873
74 80 -0.00923198109
75 80 4.55532858
76 80 -8.83528583
77 80 0.0803423193
78 80 1.16109796
79 80 1.04201376
80 80 186.118011
81 80 -0.385978353
82 80 0.0654958127
83 80 0.0440283222
84 80 -0.439932254
85 80 0.00934945163
86 80 0.00418108402
87 80 -0.0184294822
88 80 0.000970122321
89 80 9.84800242e-05
90 80 0.00162435528
73 81 -0.234116558
74 81 0.0046269815
75 81 -2.28308755
76 81 -0.260825352
77 81 -10.0134618
78 81 1.24575065
79 81 -0.521778042
80 81 -0.385978353
81 81 187.563326
82 81 -0.0334666227
83 81 0.157872526
84 81 0.73864578
85 81 -4.43498418
86 81 -1.98332932
87 81 8.7421664
88 81 -0.000727409316
89 81 -7.38414997e-05
90 81 -0.00121796101
73 82 0.141604337
74 82 -0.000259263466
75 82 -0.00035703485
76 82 -1.38360857
77 82 -0.893142851
78 82 -9.20224995
79 82 -0.629633455
80 82 0.0654958127
81 82 -0.0334666227
82 82 179.455569
83 82 0.833441894
84 82 -1.47742513
85 82 1.53398988
86 82 -8.30556519
87 82 -1.70202093
88 82 4.30576566
89 82 0.749622226
90 82 -2.57150933
73 83 0.0972416581
74 83 -0.00017803981
75 83 -0.000245180773
76 83 0.321709798
77 83 0.2264667
78 83 2.1423872
79 83 -0.117976247
80 83 0.0440283222
81 83 0.157872526
82 83 0.833441894
83 83 184.2873
84 83 -0.70537476
85 83 -6.91941157
86 83 -0.270673883
87 83 -5.34264096
88 83 0.432387618
89 83 0.0759398258
90 83 -0.278960076
73 84 -0.959540798
74 84 0.00175682382
75 84 0.00241934331
76 84 -0.204502875
77 84 -0.273601099
78 84 -1.38066047
79 84 1.7237895
80 84 -0.439932254
81 84 0.73864578
82 84 -1.47742513
83 84 -0.70537476
84 84 191.846065
85 84 1.06396745
86 84 -4.96138588
87 84 -0.530830301
88 84 -7.20996886
89 84 -1.25333364
90 84 4.24642851
79 85 -0.43704936
80 85 0.00934945163
81 85 -4.43498418
82 85 1.53398988
83 85 -6.91941157
84 85 1.06396745
85 85 190.320345
86 85 1.75866616
87 85 -7.76619408
88 85 0.8457233
89 85 0.131177991
90 85 1.17141185
91 85 -0.219392232
92 85 0.202425815
93 85 -0.990380086
94 85 0.618146491
95 85 0.0213113406
96 85 -0.778193035
79 86 -0.195448907
80 86 0.00418108402
81 86 -1.98332932
82 86 -8.30556519
83 86 -0.270673883
84 86 -4.96138588
85 86 1.75866616
86 86 185.856728
87 86 -2.24246009
88 86 0.0989617049
89 86 0.00807084783
90 86 0.165886136
91 86 0.00506244219
92 86 -0.0046709447
93 86 0.0228528689
94 86 -0.00145609306
95 86 -5.02005523e-05
96 86 0.00183309538
79 87 0.861504366
80 87 -0.0184294822
81 87 8.7421664
82 87 -1.70202093
83 87 -5.34264096
84 87 -0.530830301
85 87 -7.76619408
86 87 -2.24246009
87 87 181.866651
88 87 -0.442124118
89 87 0.82669956
90 87 -0.557537878
91 87 -2.12023443
92 87 1.95626882
93 87 -9.57115911
94 87 -0.00212947031
95 87 -7.34160396e-05
96 87 0.00268081917
79 88 -0.50644385
80 88 0.000970122321
81 88 -0.000727409316
82 88 4.30576566
83 88 0.432387618
84 88 -7.20996886
85 88 0.8457233
86 88 0.0989617049
87 88 -0.442124118
88 88 193.797994
89 88 1.15085243
90 88 -8.29983796
91 88 -2.10707792
92 88 -7.49882204
93 88 -0.879443622
94 88 -4.8314715
95 88 0.675564665
96 88 -3.8381524
79 89 -0.051410633
80 89 9.84800242e-05
81 89 -7.38414997e-05
82 89 0.749622226
83 89 0.0759398258
84 89 -1.25333364
85 89 0.131177991
86 89 0.00807084783
87 89 0.82669956
88 89 1.15085243
89 89 187.550798
90 89 -0.516210302
91 89 6.83874647
92 89 -1.3542444
93 89 -4.41316564
94 89 -0.0875827291
95 89 0.0216409384
96 89 -0.180247026
79 90 -0.847980431
80 90 0.00162435528
81 90 -0.00121796101
82 90 -2.57150933
83 90 -0.278960076
84 90 4.24642851
85 90 1.17141185
86 90 0.165886136
87 90 -0.557537878
88 90 -8.29983796
89 90 -0.516210302
90 90 177.753029
91 90 0.695989359
92 90 6.07767823
93 90 1.06249508
94 90 -6.02816006
95 90 0.844864923
96 90 -4.81204314
85 91 -0.219392232
86 91 0.00506244219
87 91 -2.12023443
88 91 -2.10707792
89 91 6.83874647
90 91 0.695989359
91 91 184.354262
92 91 1.84530869
93 91 -9.05411898
94 91 -0.710172362
95 91 0.282092903
96 91 0.991940653
97 91 -0.264751728
98 91 -0.226626718
99 91 0.949884496
100 91 -0.581471262
101 91 -0.0476542677
102 91 -0.79280827
85 92 0.202425815
86 92 -0.0046709447
87 92 1.95626882
88 92 -7.49882204
89 92 -1.3542444
90 92 6.07767823
91 92 1.84530869
92 92 185.188048
93 92 0.783055083
94 92 0.123798015
95 92 -0.00759814261
96 92 -0.157443294
97 92 0.00951894448
98 92 0.00814818911
99 92 -0.0341523655
100 92 0.00289290197
101 92 0.000237086738
102 92 0.00394433354
85 93 -0.990380086
86 93 0.0228528689
87 93 -9.57115911
88 93 -0.879443622
89 93 -4.41316564
90 93 1.06249508
91 93 -9.05411898
92 93 0.783055083
93 93 188.501414
94 93 -0.574345745
95 93 3.27894382
96 93 1.07554492
97 93 -2.61632015
98 93 -2.23956253
99 93 9.38691491
100 93 0.000695826815
101 93 5.70262359e-05
102 93 0.0009487266
85 94 0.618146491
86 94 -0.00145609306
87 94 -0.00212947031
88 94 -4.8314715
89 94 -0.0875827291
90 94 -6.02816006
91 94 -0.710172362
92 94 0.123798015
93 94 -0.574345745
94 94 173.258575
95 94 1.51266393
96 94 -6.66010599
97 94 1.10704006
98 94 -7.83113471
99 94 -1.90364579
100 94 4.60349251
101 94 1.02329778
102 94 -3.37840051
85 95 0.0213113406
86 95 -5.02005523e-05
87 95 -7.34160396e-05
88 95 0.675564665
89 95 0.0216409384
90 95 0.844864923
91 95 0.282092903
92 95 -0.00759814261
93 95 3.27894382
94 95 1.51266393
95 95 184.791156
96 95 -0.280541372
97 95 -7.6864953
98 95 -0.445177091
99 95 -2.61557107
100 95 0.182742871
101 95 0.0675360002
102 95 -0.536360682
85 96 -0.778193035
86 96 0.00183309538
87 96 0.00268081917
88 96 -3.8381524
89 96 -0.180247026
90 96 -4.81204314
91 96 0.991940653
92 96 -0.157443294
93 96 1.07554492
94 96 -6.66010599
95 96 -0.280541372
96 96 195.181316
97 96 1.48171895
98 96 -5.56031955
99 96 -0.880158758
100 96 -6.30918401
101 96 -1.39955926
102 96 4.58694692
91 97 -0.264751728
92 97 0.00951894448
93 97 -2.61632015
94 97 1.10704006
95 97 -7.6864953
96 97 1.48171895
97 97 188.801233
98 97 2.08236456
99 97 -8.74559772
100 97 0.584910891
101 97 0.0620685108
102 97 1.11419524
103 97 -0.514120103
104 97 0.477440773
105 97 -0.735145458
106 97 0.431092016
107 97 0.0477140169
108 97 -0.866410616
91 98 -0.226626718
92 98 0.00814818911
93 98 -2.23956253
94 98 -7.83113471
95 98 -0.445177091
96 98 -5.56031955
97 98 2.08236456
98 98 186.026404
99 98 -2.84349154
100 98 0.128624505
101 98 0.0104052078
102 98 0.173505481
103 98 0.0105450087
104 98 -0.00979268675
105 98 0.015078413
106 98 -0.00160998896
107 98 -0.000178196388
108 98 0.00323576283
91 99 0.949884496
92 99 -0.0341523655
93 99 9.38691491
94 99 -1.90364579
95 99 -2.61557107
96 99 -0.880158758
97 99 -8.74559772
98 99 -2.84349154
99 99 183.216087
100 99 -0.545763204
101 99 0.00416168809
102 99 -0.342766864
103 99 -5.05829125
104 99 4.69741306
105 99 -7.23290106
106 99 -0.000702450095
107 99 -7.77484027e-05
108 99 0.00141178727
91 100 -0.581471262
92 100 0.00289290197
93 100 0.000695826815
94 100 4.60349251
95 100 0.182742871
96 100 -6.30918401
97 100 0.584910891
98 100 0.128624505
99 100 -0.545763204
100 100 193.757964
101 100 1.54747412
102 100 -7.17610995
103 100 -5.04098066
104 100 -7.43253935
105 100 -0.756193038
106 100 -3.74875096
107 100 1.07038772
108 100 -1.86532253
91 101 -0.0476542677
92 101 0.000237086738
93 101 5.70262359e-05
94 101 1.02329778
95 101 0.0675360002
96 101 -1.39955926
97 101 0.0620685108
98 101 0.0104052078
99 101 0.00416168809
100 101 1.54747412
101 101 187.464738
102 101 -0.912113083
103 101 4.61810394
104 101 -2.23325937
105 101 -7.73316509
106 101 -0.384498597
107 101 0.11062174
108 101 -0.19660592
91 102 -0.79280827
92 102 0.00394433354
93 102 0.0009487266
94 102 -3.37840051
95 102 -0.536360682
96 102 4.58694692
97 102 1.11419524
98 102 0.173505481
99 102 -0.342766864
100 102 -7.17610995
101 102 -0.912113083
102 102 177.984898
103 102 1.29867555
104 102 3.85317014
105 102 1.53241421
106 102 -7.48402209
107 102 2.14378158
108 102 -3.76731909
97 103 -0.514120103
98 103 0.0105450087
99 103 -5.05829125
100 103 -5.04098066
101 103 4.61810394
102 103 1.29867555
103 103 182.731396
104 103 3.38042835
105 103 -5.21149658
106 103 -0.554342883
107 103 -0.007504503
108 103 1.40218769
109 103 -0.701437389
110 103 -0.348420231
111 103 0.663143735
112 103 -0.338815825
113 103 -0.062134393
114 103 -0.915357624
97 104 0.477440773
98 104 -0.00979268675
99 104 4.69741306
100 104 -7.43253935
101 104 -2.23325937
102 104 3.85317014
103 104 3.38042835
104 104 184.955025
105 104 0.605034148
106 104 0.203329947
107 104 0.0214923605
108 104 -0.409877036
109 104 0.0095203282
110 104 0.00472896799
111 104 -0.00900058381
112 104 0.000802561009
113 104 0.000147179197
114 104 0.00216822912
97 105 -0.735145458
98 105 0.015078413
99 105 -7.23290106
100 105 -0.756193038
101 105 -7.73316509
102 105 1.53241421
103 105 -5.21149658
104 105 0.605034148
105 105 190.357303
106 105 -0.307930537
107 105 0.735480876
108 105 1.08888193
109 105 -6.83319194
110 105 -3.39420504
111 105 6.4601467
112 105 0.000890231539
113 105 0.000163256826
114 105 0.00240508313
97 106 0.431092016
98 106 -0.00160998896
99 106 -0.000702450095
100 106 -3.74875096
101 106 -0.384498597
102 106 -7.48402209
103 106 -0.554342883
104 106 0.203329947
105 106 -0.307930537
106 106 177.728591
107 106 1.5775195
108 106 -2.29522055
109 106 2.94541125
110 106 -8.67053309
111 106 -2.16012468
112 106 3.08064932
113 106 0.701543296
114 106 -1.14060646
97 107 0.0477140169
98 107 -0.000178196388
99 107 -7.77484027e-05
100 107 1.07038772
101 107 0.11062174
102 107 2.14378158
103 107 -0.007504503
104 107 0.0214923605
105 107 0.735480876
106 107 1.5775195
107 107 184.826265
108 107 -0.542151077
109 107 -5.85186398
110 107 -0.184129772
111 107 -7.37234759
112 107 0.545006426
113 107 0.125267985
114 107 -0.281875686
97 108 -0.866410616
98 108 0.00323576283
99 108 0.00141178727
100 108 -1.86532253
101 108 -0.19660592
102 108 -3.76731909
103 108 1.40218769
104 108 -0.409877036
105 108 1.08888193
106 108 -2.29522055
107 108 -0.542151077
108 108 192.470503
109 108 1.02013626
110 108 -3.21923434
111 108 -0.539960179
112 108 -8.40210386
113 108 -1.91266526
114 108 3.06164551
103 109 -0.701437389
104 109 0.0095203282
105 109 -6.83319194
106 109 2.94541125
107 109 -5.85186398
108 109 1.02013626
109 109 190.921713
110 109 2.24626959
111 109 -4.28707852
112 109 0.643885328
113 109 -0.0265195129
114 109 1.53656539
115 109 -0.668671138
116 109 0.269070515
117 109 -0.755338483
118 109 0.4085247
119 109 0.0645109034
120 109 -0.903348662
103 110 -0.348420231
104 110 0.00472896799
105 110 -3.39420504
106 110 -8.67053309
107 110 -0.184129772
108 110 -3.21923434
109 110 2.24626959
110 110 186.329023
111 110 -1.86710718
112 110 0.113550872
113 110 0.0234814305
114 110 0.307335361
115 110 0.0133664713
116 110 -0.00537861307
117 110 0.0150989172
118 110 -0.00147498805
119 110 -0.000232918137
120 110 0.00326156163
103 111 0.663143735
104 111 -0.00900058381
105 111 6.4601467
106 111 -2.16012468
107 111 -7.37234759
108 111 -0.539960179
109 111 -4.28707852
110 111 -1.86710718
111 111 180.792988
112 111 -0.224879518
113 111 -1.28945226
114 111 -0.506753567
115 111 -6.4016442
116 111 2.57599529
117 111 -7.23136972
118 111 -0.00180309165
119 111 -0.000284729593
120 111 0.00398707945
103 112 -0.338815825
104 112 0.000802561009
105 112 0.000890231539
106 112 3.08064932
107 112 0.545006426
108 112 -8.40210386
109 112 0.643885328
110 112 0.113550872
111 112 -0.224879518
112 112 193.303353
113 112 1.03251889
114 112 -4.00077188
115 112 -2.14975193
116 112 -8.76094983
117 112 -1.09791393
118 112 -3.72870637
119 112 0.468301193
120 112 -1.68579835
103 113 -0.062134393
104 113 0.000147179197
105 113 0.000163256826
106 113 0.701543296
107 113 0.125267985
108 113 -1.91266526
109 113 -0.0265195129
110 113 0.0234814305
111 113 -1.28945226
112 113 1.03251889
113 113 186.541997
114 113 -0.705553832
115 113 5.90205272
116 113 -0.560863001
117 113 -7.00644794
118 113 -0.606412916
119 113 0.0616956924
120 113 -0.138269964
103 114 -0.915357624
104 114 0.00216822912
105 114 0.00240508313
106 114 -1.14060646
107 114 -0.281875686
108 114 3.06164551
109 114 1.53656539
110 114 0.307335361
111 114 -0.506753567
112 114 -4.00077188
113 114 -0.705553832
114 114 179.062222
115 114 0.150406404
116 114 3.97076119
117 114 1.26551278
118 114 -8.14164388
119 114 1.02366965
120 114 -3.691584
109 115 -0.668671138
110 115 0.0133664713
111 115 -6.4016442
112 115 -2.14975193
113 115 5.90205272
114 115 0.150406404
115 115 181.954758
116 115 1.77214195
117 115 -4.98429454
118 115 -0.762536172
119 115 0.177988966
120 115 1.46551493
121 115 -0.500882808
122 115 -0.0336571511
123 115 0.885218726
124 115 -0.503050003
125 115 -0.0169510788
126 115 -0.863597497
109 116 0.269070515
110 116 -0.00537861307
111 116 2.57599529
112 116 -8.76094983
113 116 -0.560863001
114 116 3.97076119
115 116 1.77214195
116 116 185.475824
117 116 -0.35892789
118 116 0.10662778
119 116 0.0127353432
120 116 -0.235519745
121 116 0.00834875595
122 116 0.000561000169
123 116 -0.0147548987
124 116 0.00135793994
125 116 4.57579698e-05
126 116 0.00233120669
109 117 -0.755338483
110 117 0.0150989172
111 117 -7.23136972
112 117 -1.09791393
113 117 -7.00644794
114 117 1.26551278
115 117 -4.98429454
116 117 -0.35892789
117 117 190.613142
118 117 -0.288016428
119 117 2.273275
120 117 0.872982179
121 117 -4.92103106
122 117 -0.330671932
123 117 8.69702208
124 117 0.00089050616
125 117 3.0007037e-05
126 117 0.00152875238
109 118 0.4085247
110 118 -0.00147498805
111 118 -0.00180309165
112 118 -3.72870637
113 118 -0.606412916
114 118 -8.14164388
115 118 -0.762536172
116 118 0.10662778
117 118 -0.288016428
118 118 175.307892
119 118 0.593049078
120 118 -4.53782698
121 118 0.414617163
122 118 -8.63575909
123 118 -0.341979038
124 118 4.33123698
125 118 0.145557019
126 118 -2.52373763
109 119 0.0645109034
110 119 -0.000232918137
111 119 -0.000284729593
112 119 0.468301193
113 119 0.0616956924
114 119 1.02366965
115 119 0.177988966
116 119 0.0127353432
117 119 2.273275
118 119 0.593049078
119 119 185.924185
120 119 -0.119378176
121 119 -7.83120493
122 119 -0.206164822
123 119 -3.7021371
124 119 0.028575202
125 119 0.000949772325
126 119 -0.285022637
109 120 -0.903348662
110 120 0.00326156163
111 120 0.00398707945
112 120 -1.68579835
113 120 -0.138269964
114 120 -3.691584
115 120 1.46551493
116 120 -0.235519745
117 120 0.872982179
118 120 -4.53782698
119 120 -0.119378176
120 120 193.190496
121 120 0.168228767
122 120 -5.0148466
123 120 -0.0689652611
124 120 -7.47666471
125 120 -0.251264386
126 120 4.32963412
115 121 -0.500882808
116 121 0.00834875595
117 121 -4.92103106
118 121 0.414617163
119 121 -7.83120493
120 121 0.168228767
121 121 190.891386
122 121 0.301434961
